IMG_3439.JPG 146,46,192,122,0
IMG_3342.JPG 143,72,182,134,0
IMG_3447.JPG 94,51,132,111,0
IMG_3246.JPG 179,77,219,136,0
IMG_3228.JPG 137,37,189,121,0
IMG_3073.JPG 131,55,169,117,0
IMG_3296.JPG 103,38,149,116,0
IMG_3292.JPG 158,67,200,131,0
IMG_3275.JPG 111,69,148,125,0
IMG_3231.JPG 104,37,156,118,0
IMG_3324.JPG 102,33,150,113,0
IMG_3393.JPG 132,74,168,133,0
IMG_2982.JPG 133,48,179,120,0
IMG_3314.JPG 130,46,192,145,0
IMG_2960.JPG 107,54,151,128,0
IMG_2922.JPG 139,69,193,157,0
IMG_3255.JPG 144,19,188,93,0
IMG_3035.JPG 142,27,187,104,0
IMG_3061.JPG 105,50,151,126,0
IMG_3264.JPG 133,62,177,124,0
IMG_3256.JPG 120,25,167,101,0
IMG_3338.JPG 76,40,126,121,0
IMG_2950.JPG 152,63,188,123,0
IMG_3005.JPG 111,46,168,138,0
IMG_3030.JPG 145,39,184,104,0
IMG_2961.JPG 104,48,150,123,0
IMG_3309.JPG 88,25,150,129,0
IMG_3274.JPG 123,76,158,128,0
IMG_3355.JPG 118,108,145,148,0
IMG_3303.JPG 164,44,226,131,0
IMG_2971.JPG 131,22,186,114,0
IMG_2948.JPG 132,65,167,124,0
IMG_3435.JPG 127,55,161,110,0
IMG_3311.JPG 146,53,213,156,0
IMG_2978.JPG 137,48,183,123,0
IMG_3335.JPG 166,50,222,139,0
IMG_3225.JPG 137,60,177,124,0
IMG_3206.JPG 158,54,226,144,0
IMG_3284.JPG 69,97,102,148,0
IMG_3198.JPG 56,63,100,124,0
IMG_3389.JPG 118,96,146,141,0
IMG_3102.JPG 128,68,159,119,0
IMG_3190.JPG 120,76,156,130,0
IMG_3317.JPG 89,70,155,171,0
IMG_3101.JPG 129,51,167,114,0
IMG_2945.JPG 151,57,198,133,0
IMG_3218.JPG 132,73,162,121,0
IMG_3316.JPG 100,57,164,161,0
IMG_3272.JPG 101,60,144,123,0
IMG_3438.JPG 114,38,160,114,0
IMG_2977.JPG 137,40,185,121,0
IMG_3358.JPG 109,73,148,135,0
IMG_3098.JPG 123,36,183,136,0
IMG_3459.JPG 136,53,173,113,0
IMG_3478.JPG 207,59,248,123,0
IMG_3094.JPG 113,20,186,141,0
IMG_3116.JPG 93,72,129,133,0
IMG_2920.JPG 120,51,180,149,0
IMG_3132.JPG 148,100,177,145,0
IMG_3341.JPG 118,71,156,132,0
IMG_3047.JPG 106,43,162,137,0
IMG_3465.JPG 128,79,159,128,0
IMG_3115.JPG 99,86,132,139,0
IMG_3042.JPG 123,19,171,102,0
IMG_3127.JPG 94,33,140,114,0
IMG_3234.JPG 87,55,131,117,0
IMG_2923.JPG 149,62,205,153,0
IMG_3165.JPG 101,64,130,111,0
IMG_3036.JPG 128,20,175,100,0
IMG_3081.JPG 141,87,173,137,0
IMG_3118.JPG 114,19,163,105,0
IMG_2885.JPG 129,55,167,118,0
IMG_3428.JPG 156,94,183,135,0
IMG_3347.JPG 119,93,153,150,0
IMG_3336.JPG 117,49,172,138,0
IMG_3093.JPG 121,16,182,121,0
IMG_3130.JPG 130,72,163,126,0
IMG_3257.JPG 113,25,160,106,0
IMG_3370.JPG 115,50,156,115,0
IMG_2970.JPG 141,60,191,140,0
IMG_2987.JPG 124,59,160,117,0
IMG_3066.JPG 123,25,174,111,0
IMG_3369.JPG 117,69,153,128,0
IMG_3103.JPG 116,65,146,112,0
IMG_2953.JPG 123,44,166,116,0
IMG_3305.JPG 121,37,186,137,0
IMG_3337.JPG 89,59,145,147,0
IMG_3058.JPG 106,31,151,105,0
IMG_3319.JPG 86,74,158,183,0
IMG_3160.JPG 127,31,178,114,0
IMG_2962.JPG 123,56,169,131,0
IMG_3080.JPG 138,71,172,127,0
IMG_3107.JPG 121,50,162,119,0
IMG_2980.JPG 132,64,173,130,0
IMG_3219.JPG 157,76,186,123,0
IMG_3436.JPG 121,50,159,114,0
IMG_3176.JPG 165,63,240,152,0
IMG_2951.JPG 123,57,166,130,0
IMG_3454.JPG 134,31,178,105,0
IMG_2918.JPG 128,25,175,106,0
IMG_3413.JPG 126,62,172,141,0
IMG_3471.JPG 72,78,106,130,0
IMG_2937.JPG 118,70,157,133,0
IMG_3013.JPG 137,25,198,125,0
IMG_3236.JPG 92,46,130,103,0
IMG_3382.JPG 99,32,146,109,0
IMG_3212.JPG 120,79,151,128,0
IMG_3293.JPG 130,64,171,130,0
IMG_3133.JPG 162,54,205,120,0
IMG_3241.JPG 129,72,174,146,0
IMG_3294.JPG 122,53,164,123,0
IMG_3045.JPG 110,9,166,104,0
IMG_3351.JPG 121,76,153,126,0
IMG_3406.JPG 128,85,159,137,0
IMG_3263.JPG 84,50,132,132,0
IMG_3415.JPG 120,89,155,149,0
IMG_3266.JPG 111,28,173,117,0
IMG_3412.JPG 128,77,171,148,0
IMG_3397.JPG 167,87,199,138,0
IMG_2891.JPG 137,74,166,122,0
IMG_3064.JPG 93,26,150,124,0
IMG_3299.JPG 85,53,127,121,0
IMG_3188.JPG 109,29,162,109,0
IMG_2952.JPG 122,34,169,113,0
IMG_3203.JPG 54,45,112,132,0
IMG_3120.JPG 101,34,148,110,0
IMG_3104.JPG 114,62,144,110,0
IMG_2921.JPG 127,45,193,157,0
IMG_3125.JPG 98,71,129,121,0
IMG_3229.JPG 102,45,156,131,0
IMG_2985.JPG 129,43,167,106,0
IMG_2898.JPG 148,50,188,117,0
IMG_3167.JPG 60,50,99,108,0
IMG_3288.JPG 74,65,111,125,0
IMG_3354.JPG 131,97,155,136,0
IMG_3159.JPG 132,27,182,110,0
IMG_3349.JPG 109,121,146,178,0
IMG_3149.JPG 130,67,185,143,0
IMG_3302.JPG 161,42,218,130,0
IMG_3398.JPG 150,95,179,138,0
IMG_3392.JPG 105,79,140,137,0
IMG_2931.JPG 140,53,177,114,0
IMG_3387.JPG 99,76,129,124,0
IMG_3325.JPG 132,31,179,111,0
IMG_3485.JPG 70,34,119,110,0
IMG_2933.JPG 139,43,191,126,0
IMG_3483.JPG 116,39,163,112,0
IMG_2979.JPG 135,41,178,112,0
IMG_2905.JPG 134,24,183,106,0
IMG_3171.JPG 135,45,192,124,0
IMG_3477.JPG 189,64,229,126,0
IMG_2989.JPG 131,49,178,124,0
IMG_3113.JPG 110,114,134,152,0
IMG_3196.JPG 62,45,110,114,0
IMG_3138.JPG 162,86,204,141,0
IMG_3322.JPG 66,9,143,128,0
IMG_3100.JPG 130,31,175,105,0
IMG_3041.JPG 100,27,147,103,0
IMG_3464.JPG 135,84,164,130,0
IMG_3074.JPG 120,34,160,101,0
IMG_2955.JPG 123,64,158,121,0
IMG_3207.JPG 156,69,224,157,0
IMG_2899.JPG 152,60,187,118,0
IMG_3202.JPG 56,53,112,136,0
IMG_2946.JPG 108,24,163,116,0
IMG_2904.JPG 161,32,210,112,0
IMG_3038.JPG 126,20,168,92,0
IMG_3169.JPG 82,69,121,133,0
IMG_3238.JPG 113,85,151,141,0
IMG_3329.JPG 104,33,155,116,0
IMG_3174.JPG 158,45,231,137,0
IMG_3410.JPG 97,87,134,145,0
IMG_3052.JPG 116,38,176,136,0
IMG_2924.JPG 145,55,194,134,0
IMG_3300.JPG 52,29,107,105,0
IMG_3455.JPG 140,36,184,110,0
IMG_2897.JPG 131,36,173,109,0
IMG_3232.JPG 158,58,210,138,0
IMG_2993.JPG 129,67,164,123,0
IMG_3426.JPG 137,79,166,124,0
IMG_3258.JPG 104,8,153,93,0
IMG_3356.JPG 112,88,143,136,0
IMG_2896.JPG 130,39,174,112,0
IMG_2974.JPG 123,63,163,128,0
IMG_2972.JPG 136,15,188,101,0
IMG_2986.JPG 135,45,172,106,0
IMG_3247.JPG 177,73,214,127,0
IMG_3394.JPG 169,80,208,142,0
IMG_3131.JPG 135,100,163,142,0
IMG_2968.JPG 135,75,166,124,0
IMG_2914.JPG 132,96,168,154,0
IMG_3092.JPG 125,61,168,133,0
IMG_3446.JPG 108,25,144,85,0
IMG_3307.JPG 118,22,176,120,0
IMG_3433.JPG 131,104,157,145,0
IMG_3385.JPG 129,61,159,109,0
IMG_3096.JPG 119,56,166,135,0
IMG_3364.JPG 114,61,150,118,0
IMG_3016.JPG 119,36,167,119,0
IMG_3402.JPG 114,82,151,145,0
IMG_3318.JPG 85,79,152,185,0
IMG_3182.JPG 55,62,104,127,0
IMG_3468.JPG 92,82,124,132,0
IMG_3067.JPG 133,32,184,116,0
IMG_2975.JPG 115,57,154,121,0
IMG_3055.JPG 117,54,159,121,0
IMG_3399.JPG 143,95,174,144,0
IMG_3374.JPG 131,63,180,145,0
IMG_3289.JPG 83,62,122,124,0
IMG_3481.JPG 170,51,219,121,0
IMG_2882.JPG 130,27,176,106,0
IMG_3216.JPG 86,74,116,121,0
IMG_2900.JPG 161,64,196,121,0
IMG_3022.JPG 114,10,164,97,0
IMG_3026.JPG 142,11,189,91,0
IMG_2883.JPG 129,34,173,110,0
IMG_3226.JPG 94,40,145,119,0
IMG_3432.JPG 125,110,152,151,0
IMG_2966.JPG 118,50,155,111,0
IMG_3217.JPG 110,74,139,122,0
IMG_3187.JPG 98,52,159,139,0
IMG_2888.JPG 138,76,167,123,0
IMG_2944.JPG 110,50,159,127,0
IMG_3068.JPG 134,36,182,116,0
IMG_2964.JPG 133,46,175,114,0
IMG_3327.JPG 119,38,170,121,0
IMG_3039.JPG 120,21,164,97,0
IMG_3453.JPG 122,33,168,109,0
IMG_3077.JPG 103,27,153,110,0
IMG_2909.JPG 125,62,162,123,0
IMG_3276.JPG 145,80,187,139,0
IMG_3147.JPG 143,60,181,111,0
IMG_3249.JPG 110,69,149,135,0
IMG_3078.JPG 101,20,153,107,0
IMG_3083.JPG 141,93,169,138,0
IMG_3395.JPG 132,69,173,137,0
IMG_3321.JPG 83,10,163,135,0
IMG_3112.JPG 127,123,150,158,0
IMG_3235.JPG 77,43,120,108,0
IMG_3425.JPG 136,69,165,114,0
IMG_3348.JPG 113,90,150,148,0
IMG_3462.JPG 143,81,174,127,0
IMG_2912.JPG 127,84,160,137,0
IMG_3062.JPG 97,26,148,113,0
IMG_3230.JPG 75,31,131,116,0
IMG_3057.JPG 114,36,159,110,0
IMG_3233.JPG 123,57,167,128,0
IMG_2915.JPG 130,77,169,141,0
IMG_3184.JPG 85,68,140,143,0
IMG_2981.JPG 132,60,175,128,0
IMG_3366.JPG 128,88,156,136,0
IMG_3383.JPG 124,36,171,110,0
IMG_3363.JPG 120,62,166,138,0
IMG_3373.JPG 102,76,146,152,0
IMG_3486.JPG 107,36,153,109,0
IMG_3108.JPG 122,55,162,121,0
IMG_3025.JPG 127,27,172,104,0
IMG_3150.JPG 160,71,222,150,0
IMG_3463.JPG 141,86,171,132,0
IMG_3179.JPG 87,60,139,145,0
IMG_3128.JPG 99,50,144,126,0
IMG_3384.JPG 133,76,163,122,0
IMG_3044.JPG 129,17,181,104,0
IMG_2983.JPG 125,31,175,112,0
IMG_3173.JPG 161,47,232,137,0
IMG_2903.JPG 164,38,212,114,0
IMG_3407.JPG 158,101,192,155,0
IMG_3122.JPG 102,78,133,128,0
IMG_2887.JPG 130,68,163,122,0
IMG_3065.JPG 119,27,169,111,0
IMG_2991.JPG 152,71,192,133,0
IMG_3456.JPG 141,39,185,112,0
IMG_3328.JPG 82,42,133,124,0
IMG_3245.JPG 116,79,153,138,0
IMG_2976.JPG 115,44,158,116,0
IMG_3390.JPG 133,97,162,143,0
IMG_2941.JPG 117,62,153,123,0
IMG_3079.JPG 118,70,152,124,0
IMG_2926.JPG 144,50,183,114,0
IMG_3215.JPG 68,72,99,121,0
IMG_3106.JPG 98,54,129,104,0
IMG_3089.JPG 171,30,226,117,0
IMG_3117.JPG 104,49,147,122,0
IMG_3449.JPG 86,33,134,106,0
IMG_3380.JPG 130,53,183,140,0
IMG_3140.JPG 182,88,221,135,0
IMG_3452.JPG 109,32,156,107,0
IMG_3376.JPG 107,78,152,151,0
IMG_3479.JPG 207,60,250,124,0
IMG_3334.JPG 139,42,192,130,0
IMG_3151.JPG 199,88,263,164,0
IMG_3378.JPG 148,61,192,131,0
IMG_3401.JPG 96,97,129,151,0
IMG_3388.JPG 114,76,146,127,0
IMG_3161.JPG 116,43,155,107,0
IMG_3244.JPG 95,55,131,111,0
IMG_2997.JPG 140,53,168,99,0
IMG_3199.JPG 48,44,100,114,0
IMG_3033.JPG 147,22,192,99,0
IMG_2940.JPG 125,72,155,123,0
IMG_3194.JPG 49,60,110,146,0
IMG_3145.JPG 154,83,186,118,0
IMG_3056.JPG 112,46,154,114,0
IMG_3437.JPG 116,48,156,115,0
IMG_3002.JPG 133,86,174,152,0
IMG_3129.JPG 121,43,164,115,0
IMG_3411.JPG 143,94,180,156,0
IMG_3189.JPG 119,96,159,154,0
IMG_3088.JPG 129,32,183,119,0
IMG_3312.JPG 144,60,188,174,0
IMG_3287.JPG 78,65,114,124,0
IMG_3076.JPG 105,36,151,107,0
IMG_3271.JPG 98,58,144,124,0
IMG_3286.JPG 75,71,111,130,0
IMG_2958.JPG 124,76,159,134,0
IMG_3175.JPG 158,58,231,148,0
IMG_3152.JPG 203,88,265,161,0
IMG_3323.JPG 76,3,150,117,0
IMG_3484.JPG 90,37,139,112,0
IMG_3240.JPG 133,82,173,144,0
IMG_3489.JPG 162,34,206,110,0
IMG_3281.JPG 131,41,177,112,0
IMG_3024.JPG 113,37,156,110,0
IMG_3148.JPG 150,58,196,119,0
IMG_2892.JPG 128,65,159,116,0
IMG_3136.JPG 162,62,206,123,0
IMG_3262.JPG 85,36,134,120,0
IMG_3119.JPG 91,47,133,119,0
IMG_2995.JPG 137,67,167,117,0
IMG_3326.JPG 129,25,179,107,0
IMG_3001.JPG 142,83,172,131,0
IMG_3211.JPG 123,79,154,130,0
IMG_2911.JPG 132,86,164,137,0
IMG_3285.JPG 78,76,113,133,0
IMG_3419.JPG 124,84,166,156,0
IMG_3270.JPG 108,29,157,100,0
IMG_3368.JPG 118,76,150,125,0
IMG_2954.JPG 124,50,162,112,0
IMG_3457.JPG 139,11,186,90,0
IMG_3282.JPG 83,49,122,111,0
IMG_3099.JPG 117,2,187,119,0
IMG_3359.JPG 92,75,132,138,0
IMG_3060.JPG 110,38,155,115,0
IMG_3450.JPG 99,41,148,121,0
IMG_3070.JPG 122,38,169,115,0
IMG_3172.JPG 170,27,243,119,0
IMG_3441.JPG 91,27,142,112,0
IMG_3017.JPG 118,3,168,89,0
IMG_3269.JPG 128,47,185,127,0
IMG_3144.JPG 146,53,193,115,0
IMG_2910.JPG 128,84,163,138,0
IMG_3201.JPG 54,58,112,140,0
IMG_3146.JPG 143,67,182,120,0
IMG_3209.JPG 142,65,184,128,0
IMG_3185.JPG 94,36,151,118,0
IMG_3377.JPG 146,69,190,139,0
IMG_3053.JPG 118,13,178,112,0
IMG_3268.JPG 141,53,201,135,0
IMG_3221.JPG 211,69,242,117,0
IMG_3084.JPG 135,46,172,105,0
IMG_3191.JPG 120,83,153,130,0
IMG_3310.JPG 89,45,149,146,0
IMG_2907.JPG 116,32,162,107,0
IMG_3082.JPG 133,84,164,132,0
IMG_2889.JPG 135,88,163,133,0
IMG_3265.JPG 90,1,158,101,0
IMG_3448.JPG 80,50,120,113,0
IMG_3375.JPG 141,63,187,139,0
IMG_3124.JPG 109,90,134,129,0
IMG_2984.JPG 131,37,176,110,0
IMG_2902.JPG 195,97,208,117,0
IMG_2939.JPG 126,78,157,129,0
IMG_3163.JPG 113,59,144,111,0
IMG_3431.JPG 136,110,162,151,0
IMG_3391.JPG 138,89,170,140,0
IMG_3291.JPG 138,67,177,133,0
IMG_2938.JPG 113,67,148,123,0
IMG_3040.JPG 97,9,147,93,0
IMG_3123.JPG 110,81,138,126,0
IMG_3434.JPG 131,67,161,115,0
IMG_3280.JPG 147,47,201,125,0
IMG_3361.JPG 108,62,153,133,0
IMG_3352.JPG 126,84,154,130,0
IMG_3195.JPG 67,49,118,122,0
IMG_3028.JPG 136,5,185,90,0
IMG_3015.JPG 124,10,176,98,0
IMG_3223.JPG 195,57,227,107,0
IMG_3224.JPG 164,51,201,110,0
IMG_3222.JPG 229,72,260,119,0
IMG_3473.JPG 100,79,135,135,0
IMG_3379.JPG 116,60,161,131,0
IMG_3488.JPG 147,32,191,107,0
IMG_3386.JPG 133,71,161,117,0
IMG_3333.JPG 112,45,117,60,0
IMG_3362.JPG 87,73,134,143,0
IMG_2927.JPG 143,57,177,111,0
IMG_3181.JPG 50,67,99,130,0
IMG_3059.JPG 106,25,154,107,0
IMG_2973.JPG 128,62,168,128,0
IMG_3054.JPG 111,19,165,110,0
IMG_2919.JPG 130,32,188,131,0
IMG_2928.JPG 143,81,172,128,0
IMG_3460.JPG 137,69,169,121,0
IMG_3069.JPG 147,41,196,121,0
IMG_3315.JPG 112,45,175,149,0
IMG_3487.JPG 124,31,170,105,0
IMG_3086.JPG 71,32,121,110,0
IMG_3197.JPG 56,65,99,123,0
IMG_3443.JPG 146,18,190,91,0
IMG_3050.JPG 105,37,162,134,0
IMG_3427.JPG 141,97,168,140,0
IMG_2917.JPG 125,20,173,104,0
IMG_3121.JPG 103,65,137,120,0
IMG_3085.JPG 118,48,160,117,0
IMG_3353.JPG 134,94,160,134,0
IMG_3440.JPG 97,22,149,107,0
IMG_3301.JPG 110,24,168,113,0
IMG_3350.JPG 115,93,149,145,0
IMG_3014.JPG 132,35,189,130,0
IMG_3003.JPG 128,79,170,147,0
IMG_3290.JPG 106,60,145,125,0
IMG_3365.JPG 118,62,153,118,0
IMG_3178.JPG 103,88,170,176,0
IMG_3360.JPG 119,69,161,134,0
IMG_2925.JPG 146,32,192,106,0
IMG_3417.JPG 123,109,153,162,0
IMG_2879.JPG 127,34,173,112,0
IMG_2949.JPG 155,120,173,133,0
IMG_3032.JPG 148,32,190,104,0
IMG_3155.JPG 214,111,261,166,0
IMG_2906.JPG 118,12,169,98,0
IMG_3409.JPG 120,81,153,137,0
IMG_2893.JPG 123,64,157,120,0
IMG_2994.JPG 133,84,165,137,0
IMG_3414.JPG 122,71,158,134,0
IMG_3023.JPG 130,24,174,99,0
IMG_3072.JPG 135,57,174,119,0
IMG_3170.JPG 103,59,147,131,0
IMG_3259.JPG 94,10,143,93,0
IMG_3158.JPG 136,56,178,125,0
IMG_3458.JPG 137,13,183,92,0
IMG_3097.JPG 114,53,164,141,0
IMG_2916.JPG 129,41,171,112,0
IMG_3306.JPG 116,19,172,111,0
IMG_3331.JPG 88,36,143,125,0
IMG_3186.JPG 103,32,162,119,0
IMG_3313.JPG 143,41,203,140,0
IMG_3343.JPG 171,76,210,139,0
IMG_3253.JPG 109,50,151,119,0
IMG_3340.JPG 93,63,131,124,0
IMG_3075.JPG 101,43,146,114,0
IMG_3424.JPG 139,58,169,106,0
IMG_2956.JPG 122,65,155,120,0
IMG_3134.JPG 155,43,207,123,0
IMG_3421.JPG 124,75,157,130,0
IMG_3046.JPG 114,31,171,126,0
IMG_2901.JPG 162,50,200,111,0
IMG_3371.JPG 121,73,164,143,0
IMG_2936.JPG 117,49,158,117,0
IMG_3418.JPG 127,91,163,150,0
IMG_3476.JPG 172,69,208,127,0
IMG_3404.JPG 116,63,158,133,0
IMG_3470.JPG 55,81,88,133,0
IMG_2957.JPG 123,74,156,128,0
IMG_3345.JPG 143,98,178,156,0
IMG_3416.JPG 118,89,150,145,0
IMG_3332.JPG 90,60,144,146,0
IMG_3031.JPG 144,23,188,97,0
IMG_3367.JPG 123,87,152,136,0
IMG_3267.JPG 122,54,180,136,0
IMG_2969.JPG 135,69,170,127,0
IMG_2930.JPG 150,36,182,88,0
IMG_3162.JPG 112,56,149,116,0
IMG_3396.JPG 132,84,165,140,0
IMG_2932.JPG 139,50,181,119,0
IMG_3429.JPG 138,88,165,131,0
IMG_3154.JPG 217,117,265,171,0
IMG_3153.JPG 186,100,242,165,0
IMG_2942.JPG 128,65,168,131,0
IMG_3095.JPG 115,29,180,138,0
IMG_3304.JPG 177,41,243,136,0
IMG_3474.JPG 125,69,160,128,0
IMG_3210.JPG 126,86,159,137,0
IMG_3442.JPG 122,21,170,98,0
IMG_3278.JPG 131,65,180,136,0
IMG_3205.JPG 163,70,230,153,0
IMG_2988.JPG 107,49,148,120,0
IMG_2965.JPG 114,50,156,118,0
IMG_3019.JPG 124,23,170,105,0
IMG_3344.JPG 190,81,231,143,0
IMG_3405.JPG 132,92,173,159,0
IMG_3183.JPG 67,63,119,133,0
IMG_2992.JPG 113,72,148,129,0
IMG_3143.JPG 140,47,198,126,0
IMG_3444.JPG 143,15,186,87,0
IMG_3004.JPG 120,50,167,125,0
IMG_3381.JPG 138,43,194,132,0
IMG_3408.JPG 165,97,202,150,0
IMG_3357.JPG 112,86,147,143,0
IMG_3051.JPG 115,45,173,139,0
IMG_3260.JPG 81,0,133,86,0
IMG_2908.JPG 116,37,157,105,0
IMG_3308.JPG 106,46,165,147,0
IMG_3141.JPG 163,67,212,126,0
IMG_3480.JPG 190,56,235,124,0
IMG_3320.JPG 84,50,163,169,0
IMG_3273.JPG 112,71,150,128,0
IMG_2963.JPG 136,55,178,126,0
IMG_3239.JPG 68,64,111,126,0
IMG_2998.JPG 142,60,169,104,0
IMG_3472.JPG 86,84,119,136,0
IMG_3214.JPG 66,69,99,119,0
IMG_3277.JPG 138,68,182,131,0
IMG_3237.JPG 133,87,166,138,0
IMG_3403.JPG 153,84,193,149,0
IMG_3157.JPG 159,84,198,145,0
IMG_3445.JPG 119,18,159,81,0
IMG_2913.JPG 128,91,162,148,0
IMG_3248.JPG 158,86,196,142,0
IMG_3180.JPG 88,30,136,109,0
IMG_3227.JPG 120,57,170,135,0
IMG_3461.JPG 140,78,172,127,0
IMG_3283.JPG 79,79,111,131,0
IMG_3213.JPG 98,75,129,125,0
IMG_3114.JPG 100,104,127,148,0
IMG_3430.JPG 137,100,163,142,0
IMG_2996.JPG 142,61,170,109,0
IMG_3164.JPG 107,59,139,111,0
IMG_2895.JPG 121,53,162,123,0
IMG_3208.JPG 147,74,192,136,0
IMG_2943.JPG 96,53,146,131,0
IMG_3135.JPG 150,50,202,127,0
IMG_2881.JPG 115,10,163,93,0
IMG_3192.JPG 83,91,120,141,0
IMG_3339.JPG 84,68,124,133,0
IMG_3243.JPG 93,64,132,126,0
IMG_2959.JPG 131,62,169,126,0
IMG_3295.JPG 90,56,133,126,0
IMG_3049.JPG 97,41,154,136,0
IMG_3423.JPG 128,84,155,130,0
IMG_3200.JPG 48,33,103,111,0
IMG_3372.JPG 138,73,184,145,0
IMG_3156.JPG 170,89,210,143,0
IMG_3071.JPG 129,39,170,109,0
IMG_3297.JPG 97,42,148,123,0
IMG_3126.JPG 89,48,125,109,0
IMG_2967.JPG 138,75,169,126,0
IMG_3110.JPG 125,95,152,138,0
IMG_3400.JPG 132,88,169,149,0
IMG_2884.JPG 132,43,172,112,0
IMG_2886.JPG 128,63,164,121,0
IMG_3193.JPG 64,85,107,146,0
IMG_3242.JPG 121,65,163,130,0
IMG_3279.JPG 98,48,147,119,0
IMG_3087.JPG 42,29,100,119,0
IMG_2934.JPG 126,45,181,136,0
IMG_3330.JPG 64,31,119,117,0
IMG_2929.JPG 147,73,174,119,0
IMG_2894.JPG 120,61,158,121,0
IMG_3254.JPG 115,28,158,98,0
IMG_2947.JPG 131,58,169,121,0
IMG_3451.JPG 103,32,150,109,0
IMG_3091.JPG 138,19,195,112,0
IMG_3018.JPG 128,17,175,99,0
IMG_3037.JPG 127,51,164,114,0
IMG_3469.JPG 70,85,102,136,0
IMG_2935.JPG 117,46,158,114,0
IMG_3142.JPG 140,39,200,115,0
IMG_3043.JPG 122,11,171,98,0
IMG_3090.JPG 169,30,226,122,0
IMG_3467.JPG 108,76,140,130,0
IMG_3298.JPG 93,35,136,105,0
IMG_2999.JPG 146,69,172,111,0
IMG_3261.JPG 81,0,133,86,0
IMG_3422.JPG 129,94,159,142,0
IMG_3420.JPG 130,83,163,138,0
IMG_3346.JPG 123,107,156,157,0
IMG_3137.JPG 157,86,198,142,0
IMG_3168.JPG 75,83,110,142,0
IMG_3109.JPG 126,79,156,126,0
IMG_3105.JPG 106,58,136,108,0
IMG_3029.JPG 138,28,179,97,0
IMG_2890.JPG 140,89,167,132,0
IMG_3034.JPG 140,34,181,103,0
IMG_3111.JPG 126,106,152,145,0
IMG_3021.JPG 116,31,163,110,0
IMG_3177.JPG 156,58,231,151,0
IMG_3482.JPG 147,43,191,116,0
IMG_3048.JPG 113,43,172,141,0
IMG_3166.JPG 71,64,105,112,0
IMG_3139.JPG 182,88,223,138,0
IMG_3204.JPG 140,73,198,156,0
IMG_2990.JPG 157,67,198,131,0
IMG_3020.JPG 114,28,162,107,0
IMG_3220.JPG 185,69,215,117,0
IMG_2880.JPG 128,22,174,104,0
IMG_3475.JPG 150,70,185,127,0
IMG_3466.JPG 120,74,152,124,0
IMG_3027.JPG 142,13,191,97,0
IMG_3063.JPG 106,26,157,114,0
